FITNESS = 64: ROW_MISMATCHES = 24: COL_MISMATCHES = 24|8,2;37,2;2,1;0,1;53,1;63,3;14,1;7,0;32,3;17,2;49,3;43,3;20,1;28,3;21,0;47,2;36,0;58,3;40,3;3,0;56,3;16,2;54,2;22,2;5,2;38,2;6,1;62,2;26,3;60,3;44,3;57,1;18,1;42,1;34,1;9,3;11,2;1,1;55,3;19,1;12,2;23,3;29,2;31,2;10,3;48,2;46,3;51,3;24,3;35,1;25,1;27,3;39,2;4,2;30,3;52,1;45,1;41,3;50,3;61,1;13,3;15,3;59,1;33,3;
FITNESS = 63: ROW_MISMATCHES = 26: COL_MISMATCHES = 23|8,2;37,2;2,1;0,1;53,1;63,3;14,1;7,0;32,3;17,2;49,3;43,3;20,1;28,3;21,0;47,2;36,0;58,3;40,3;3,0;57,1;16,2;54,2;22,2;5,2;38,2;6,1;62,2;26,3;60,3;44,3;56,3;18,1;42,3;34,2;9,3;11,2;1,1;55,3;19,1;12,2;23,3;29,2;31,2;10,3;48,2;46,3;51,3;24,3;35,1;25,1;27,3;39,2;4,2;30,3;52,1;45,1;41,3;50,3;61,1;13,3;15,3;59,1;33,3;
FITNESS = 63: ROW_MISMATCHES = 25: COL_MISMATCHES = 24|8,1;37,2;2,1;0,1;53,1;63,3;14,1;7,0;32,3;17,2;49,3;43,3;20,1;28,3;21,0;47,2;36,0;58,3;40,3;3,0;57,2;16,2;54,2;22,2;5,2;38,2;6,1;62,2;26,3;60,3;44,3;56,3;18,1;42,1;34,2;9,3;11,2;1,1;55,3;19,1;12,2;23,3;29,2;31,2;10,3;48,2;46,3;51,3;24,3;35,1;25,1;27,3;39,2;4,2;30,3;52,1;45,1;41,3;50,3;61,1;13,3;15,3;59,1;33,3;
FITNESS = 63: ROW_MISMATCHES = 25: COL_MISMATCHES = 24|8,1;37,2;2,1;0,1;53,1;63,3;14,1;7,0;32,3;17,2;49,3;43,3;20,1;28,3;21,0;47,2;36,0;58,3;40,3;3,0;57,2;16,2;54,2;22,2;5,2;38,2;6,1;62,2;26,3;60,3;44,3;56,3;18,1;42,1;34,2;9,3;11,2;1,1;55,3;19,1;12,2;23,3;29,2;31,2;10,3;48,2;46,3;51,3;24,3;35,1;25,1;27,3;39,2;4,2;30,3;52,1;45,1;41,3;50,3;61,1;13,3;15,3;59,1;33,3;
FITNESS = 63: ROW_MISMATCHES = 25: COL_MISMATCHES = 24|8,1;37,2;2,1;0,1;53,1;63,3;14,1;7,0;32,3;17,2;49,3;43,3;20,1;28,3;21,0;47,2;36,0;58,3;40,3;3,0;57,2;16,2;54,2;22,2;5,2;38,2;6,1;62,2;26,3;60,3;44,3;56,3;18,1;42,1;34,2;9,3;11,2;1,1;55,3;19,1;12,2;23,3;29,2;31,2;10,3;48,2;46,3;51,3;24,3;35,1;25,1;27,3;39,2;4,2;30,3;52,1;45,1;41,3;50,3;61,1;13,3;15,3;59,1;33,3;
FITNESS = 63: ROW_MISMATCHES = 25: COL_MISMATCHES = 24|8,1;37,2;2,1;0,1;53,1;63,3;14,1;7,0;32,3;17,2;49,3;43,3;20,1;28,3;21,0;47,2;36,0;58,3;40,3;3,0;57,2;16,2;54,2;22,2;5,2;38,2;6,1;62,2;26,3;60,3;44,3;56,3;18,1;42,1;34,2;9,3;11,2;1,1;55,3;19,1;12,2;23,3;29,2;31,2;10,3;48,2;46,3;51,3;24,3;35,1;25,1;27,3;39,2;4,2;30,3;52,1;45,1;41,3;50,3;61,1;13,3;15,3;59,1;33,3;
FITNESS = 63: ROW_MISMATCHES = 25: COL_MISMATCHES = 24|8,1;37,2;2,1;0,1;53,1;63,3;14,1;7,0;32,3;17,2;49,3;43,3;20,1;28,3;21,0;47,2;36,0;58,3;40,3;3,0;57,2;16,2;54,2;22,2;5,2;38,2;6,1;62,2;26,3;60,3;44,3;56,3;18,1;42,1;34,2;9,3;11,2;1,1;55,3;19,1;12,2;23,3;29,2;31,2;10,3;48,2;46,3;51,3;24,3;35,1;25,1;27,3;39,2;4,2;30,3;52,1;45,1;41,3;50,3;61,1;13,3;15,3;59,1;33,3;
FITNESS = 63: ROW_MISMATCHES = 25: COL_MISMATCHES = 24|8,1;37,2;2,1;0,1;53,1;63,3;14,1;7,0;32,3;17,2;49,3;43,3;20,1;28,3;21,0;47,2;36,0;58,3;40,3;3,0;57,2;16,2;54,2;22,2;5,2;38,2;6,1;62,2;26,3;60,3;44,3;56,3;18,1;42,1;34,2;9,3;11,2;1,1;55,3;19,1;12,2;23,3;29,2;31,2;10,3;48,2;46,3;51,3;24,3;35,1;25,1;27,3;39,2;4,2;30,3;52,1;45,1;41,3;50,3;61,1;13,3;15,3;59,1;33,3;
FITNESS = 63: ROW_MISMATCHES = 26: COL_MISMATCHES = 23|8,2;37,2;2,1;0,1;53,1;63,3;14,1;7,0;32,3;17,2;49,3;43,3;20,1;28,3;21,0;47,2;36,0;58,3;40,3;3,0;57,1;16,2;54,2;22,2;5,2;38,2;6,1;62,2;26,3;60,3;44,3;56,3;18,1;42,1;34,2;9,3;11,2;1,1;55,3;19,1;12,2;23,3;29,2;31,2;10,3;48,2;46,3;51,3;24,3;35,1;25,1;27,3;39,2;4,2;30,3;52,1;45,1;41,3;50,3;61,1;13,3;15,3;59,1;33,3;
FITNESS = 63: ROW_MISMATCHES = 25: COL_MISMATCHES = 24|8,1;37,2;2,1;0,1;53,1;63,3;14,1;7,0;32,3;17,2;49,3;43,3;20,1;28,3;21,0;47,2;36,0;58,3;40,3;3,0;57,2;16,2;54,2;22,2;5,2;38,2;6,1;62,2;26,3;60,3;44,3;56,3;18,1;42,1;34,2;9,3;11,2;1,1;55,3;19,1;12,2;23,3;29,2;31,2;10,3;48,2;46,3;51,3;24,3;35,1;25,1;27,3;39,2;4,2;30,3;52,1;45,1;41,3;50,3;61,1;13,3;15,3;59,1;33,3;
FITNESS = 63: ROW_MISMATCHES = 25: COL_MISMATCHES = 24|8,1;37,2;2,1;0,1;53,1;63,3;14,1;7,0;32,3;17,2;49,3;43,3;20,1;28,3;21,0;47,2;36,0;58,3;40,3;3,0;57,2;16,2;54,2;22,2;5,2;38,2;6,1;62,2;26,3;60,3;44,3;56,3;18,1;42,1;34,2;9,3;11,2;1,1;55,3;19,1;12,2;23,3;29,2;31,2;10,3;48,2;46,3;51,3;24,3;35,1;25,1;27,3;39,2;4,2;30,3;52,1;45,1;41,3;50,3;61,1;13,3;15,3;59,1;33,3;
FITNESS = 63: ROW_MISMATCHES = 25: COL_MISMATCHES = 24|8,1;37,2;2,1;0,1;53,1;63,3;14,1;7,0;32,3;17,2;49,3;43,3;20,1;28,3;21,0;47,2;36,0;58,3;40,3;3,0;57,2;16,2;54,2;22,2;5,2;38,2;6,1;62,2;26,3;60,3;44,3;56,3;18,1;42,1;34,2;9,3;11,2;1,1;55,3;19,1;12,2;23,3;29,2;31,2;10,3;48,2;46,3;51,3;24,3;35,1;25,1;27,3;39,2;4,2;30,3;52,1;45,1;41,3;50,3;61,1;13,3;15,3;59,1;33,3;
FITNESS = 63: ROW_MISMATCHES = 25: COL_MISMATCHES = 24|8,1;37,2;2,1;0,1;53,1;63,3;14,1;7,0;32,3;17,2;49,3;43,3;20,1;28,3;21,0;47,2;36,0;58,3;40,3;3,0;57,2;16,2;54,2;22,2;5,2;38,2;6,1;62,2;26,3;60,3;44,3;56,3;18,1;42,1;34,2;9,3;11,2;1,1;55,3;19,1;12,2;23,3;29,2;31,2;10,3;48,2;46,3;51,3;24,3;35,1;25,1;27,3;39,2;4,2;30,3;52,1;45,1;41,3;50,3;61,1;13,3;15,3;59,1;33,3;
FITNESS = 63: ROW_MISMATCHES = 25: COL_MISMATCHES = 24|8,1;37,2;2,1;0,1;53,1;63,3;14,1;7,0;32,3;17,2;49,3;43,3;20,1;28,3;21,0;47,2;36,0;58,3;40,3;3,0;57,2;16,2;54,2;22,2;5,2;38,2;6,1;62,2;26,3;60,3;44,3;56,3;18,1;42,1;34,2;9,3;11,2;1,1;55,3;19,1;12,2;23,3;29,2;31,2;10,3;48,2;46,3;51,3;24,3;35,1;25,1;27,3;39,2;4,2;30,3;52,1;45,1;41,3;50,3;61,1;13,3;15,3;59,1;33,3;
FITNESS = 63: ROW_MISMATCHES = 25: COL_MISMATCHES = 24|8,1;37,2;2,1;0,1;53,1;63,3;14,1;7,0;32,3;17,2;49,3;43,3;20,1;28,3;21,0;47,2;36,0;58,3;40,3;3,0;57,2;16,2;54,2;22,2;5,2;38,2;6,1;62,2;26,3;60,3;44,3;56,3;18,1;42,1;34,2;9,3;11,2;1,1;55,3;19,1;12,2;23,3;29,2;31,2;10,3;48,2;46,3;51,3;24,3;35,1;25,1;27,3;39,2;4,2;30,3;52,1;45,1;41,3;50,3;61,1;13,3;15,3;59,1;33,3;
FITNESS = 63: ROW_MISMATCHES = 25: COL_MISMATCHES = 24|8,1;37,2;2,1;0,1;53,1;63,3;14,1;7,0;32,3;17,2;49,3;43,3;20,1;28,3;21,0;47,2;36,0;58,3;40,3;3,0;57,2;16,2;54,2;22,2;5,2;38,2;6,1;62,2;26,3;60,3;44,3;56,3;18,1;42,1;34,2;9,3;11,2;1,1;55,3;19,1;12,2;23,3;29,2;31,2;10,3;48,2;46,3;51,3;24,3;35,1;25,1;27,3;39,2;4,2;30,3;52,1;45,1;41,3;50,3;61,1;13,3;15,3;59,1;33,3;
FITNESS = 63: ROW_MISMATCHES = 25: COL_MISMATCHES = 24|8,1;37,2;2,1;0,1;53,1;63,3;14,1;7,0;32,3;17,2;49,3;43,3;20,1;28,3;21,0;47,2;36,0;58,3;40,3;3,0;57,2;16,2;54,2;22,2;5,2;38,2;6,1;62,2;26,3;60,3;44,3;56,3;18,1;42,1;34,2;9,3;11,2;1,1;55,3;19,1;12,2;23,3;29,2;31,2;10,3;48,2;46,3;51,3;24,3;35,1;25,1;27,3;39,2;4,2;30,3;52,1;45,1;41,3;50,3;61,1;13,3;15,3;59,1;33,3;
FITNESS = 63: ROW_MISMATCHES = 25: COL_MISMATCHES = 24|8,1;37,2;2,1;0,1;53,1;63,3;14,1;7,0;32,3;17,2;49,3;43,3;20,1;28,3;21,0;47,2;36,0;58,3;40,3;3,0;57,2;16,2;54,2;22,2;5,2;38,2;6,1;62,2;26,3;60,3;44,3;56,3;18,1;42,1;34,2;9,3;11,2;1,1;55,3;19,1;12,2;23,3;29,2;31,2;10,3;48,2;46,3;51,3;24,3;35,1;25,1;27,3;39,2;4,2;30,3;52,1;45,1;41,3;50,3;61,1;13,3;15,3;59,1;33,3;
FITNESS = 63: ROW_MISMATCHES = 25: COL_MISMATCHES = 24|8,1;37,2;2,1;0,1;53,1;63,3;14,1;7,0;32,3;17,2;49,3;43,3;20,1;28,3;21,0;47,2;36,0;58,3;40,3;3,0;57,2;16,2;54,2;22,2;5,2;38,2;6,1;62,2;26,3;60,3;44,3;56,3;18,1;42,1;34,2;9,3;11,2;1,1;55,3;19,1;12,2;23,3;29,2;31,2;10,3;48,2;46,3;51,3;24,3;35,1;25,1;27,3;39,2;4,2;30,3;52,1;45,1;41,3;50,3;61,1;13,3;15,3;59,1;33,3;
FITNESS = 63: ROW_MISMATCHES = 25: COL_MISMATCHES = 24|8,1;37,2;2,1;0,1;53,1;63,3;14,1;7,0;32,3;17,2;49,3;43,3;20,1;28,3;21,0;47,2;36,0;58,3;40,3;3,0;57,2;16,2;54,2;22,2;5,2;38,2;6,1;62,2;26,3;60,3;44,3;56,3;18,1;42,1;34,2;9,3;11,2;1,1;55,3;19,1;12,2;23,3;29,2;31,2;10,3;48,2;46,3;51,3;24,3;35,1;25,1;27,3;39,2;4,2;30,3;52,1;45,1;41,3;50,3;61,1;13,3;15,3;59,1;33,3;
FITNESS = 63: ROW_MISMATCHES = 25: COL_MISMATCHES = 24|8,1;37,2;2,1;0,1;53,1;63,3;14,1;7,0;32,3;17,2;49,3;43,3;20,1;28,3;21,0;47,2;36,0;58,3;40,3;3,0;57,2;16,2;54,2;22,2;5,2;38,2;6,1;62,2;26,3;60,3;44,3;56,3;18,1;42,1;34,2;9,3;11,2;1,1;55,3;19,1;12,2;23,3;29,2;31,2;10,3;48,2;46,3;51,3;24,3;35,1;25,1;27,3;39,2;4,2;30,3;52,1;45,1;41,3;50,3;61,1;13,3;15,3;59,1;33,3;
FITNESS = 63: ROW_MISMATCHES = 25: COL_MISMATCHES = 24|8,1;37,2;2,1;0,1;53,1;63,3;14,1;7,0;32,3;17,2;49,3;43,3;20,1;28,3;21,0;47,2;36,0;58,3;40,3;3,0;57,2;16,2;54,2;22,2;5,2;38,2;6,1;62,2;26,3;60,3;44,3;56,3;18,1;42,1;34,2;9,3;11,2;1,1;55,3;19,1;12,2;23,3;29,2;31,2;10,3;48,2;46,3;51,3;24,3;35,1;25,1;27,3;39,2;4,2;30,3;52,1;45,1;41,3;50,3;61,1;13,3;15,3;59,1;33,3;
FITNESS = 63: ROW_MISMATCHES = 25: COL_MISMATCHES = 24|8,1;37,2;2,1;0,1;53,1;63,3;14,1;7,0;32,3;17,2;49,3;43,3;20,1;28,3;21,0;47,2;36,0;58,3;40,3;3,0;57,2;16,2;54,2;22,2;5,2;38,2;6,1;62,2;26,3;60,3;44,3;56,3;18,1;42,1;34,2;9,3;11,2;1,1;55,3;19,1;12,2;23,3;29,2;31,2;10,3;48,2;46,3;51,3;24,3;35,1;25,1;27,3;39,2;4,2;30,3;52,1;45,1;41,3;50,3;61,1;13,3;15,3;59,1;33,3;
FITNESS = 63: ROW_MISMATCHES = 25: COL_MISMATCHES = 24|8,1;37,2;2,1;0,1;53,1;63,3;14,1;7,0;32,3;17,2;49,3;43,3;20,1;28,3;21,0;47,2;36,0;58,3;40,3;3,0;57,2;16,2;54,2;22,2;5,2;38,2;6,1;62,2;26,3;60,3;44,3;56,3;18,1;42,1;34,2;9,3;11,2;1,1;55,3;19,1;12,2;23,3;29,2;31,2;10,3;48,2;46,3;51,3;24,3;35,1;25,1;27,3;39,2;4,2;30,3;52,1;45,1;41,3;50,3;61,1;13,3;15,3;59,1;33,3;
FITNESS = 63: ROW_MISMATCHES = 25: COL_MISMATCHES = 24|8,1;37,2;2,1;0,1;53,1;63,3;14,1;7,0;32,3;17,2;49,3;43,3;20,1;28,3;21,0;47,2;36,0;58,3;40,3;3,0;57,2;16,2;54,2;22,2;5,2;38,2;6,1;62,2;26,3;60,3;44,3;56,3;18,1;42,1;34,2;9,3;11,2;1,1;55,3;19,1;12,2;23,3;29,2;31,2;10,3;48,2;46,3;51,3;24,3;35,1;25,1;27,3;39,2;4,2;30,3;52,1;45,1;41,3;50,3;61,1;13,3;15,3;59,1;33,3;
FITNESS = 63: ROW_MISMATCHES = 25: COL_MISMATCHES = 24|8,1;37,2;2,1;0,1;53,1;63,3;14,1;7,0;32,3;17,2;49,3;43,3;20,1;28,3;21,0;47,2;36,0;58,3;40,3;3,0;57,2;16,2;54,2;22,2;5,2;38,2;6,1;62,2;26,3;60,3;44,3;56,3;18,1;42,1;34,2;9,3;11,2;1,1;55,3;19,1;12,2;23,3;29,2;31,2;10,3;48,2;46,3;51,3;24,3;35,1;25,1;27,3;39,2;4,2;30,3;52,1;45,1;41,3;50,3;61,1;13,3;15,3;59,1;33,3;
FITNESS = 63: ROW_MISMATCHES = 26: COL_MISMATCHES = 23|8,2;37,2;2,1;0,1;53,1;63,3;14,1;7,0;32,3;17,2;49,3;43,3;20,1;28,3;21,0;47,2;36,0;58,3;40,3;3,0;57,1;16,2;54,2;22,2;5,2;38,2;6,1;62,2;26,3;60,3;44,3;56,3;18,1;42,1;34,2;9,3;11,2;1,1;55,3;19,1;12,2;23,3;29,2;31,2;10,3;48,2;46,3;51,3;24,3;35,1;25,1;27,3;39,2;4,2;30,3;52,1;45,1;41,3;50,3;61,1;13,3;15,3;59,1;33,3;
FITNESS = 63: ROW_MISMATCHES = 25: COL_MISMATCHES = 24|8,1;37,2;2,1;0,1;53,1;63,3;14,1;7,0;32,3;17,2;49,3;43,3;20,1;28,3;21,0;47,2;36,0;58,3;40,3;3,0;57,2;16,2;54,2;22,2;5,2;38,2;6,1;62,2;26,3;60,3;44,3;56,3;18,1;42,1;34,2;9,3;11,2;1,1;55,3;19,1;12,2;23,3;29,2;31,2;10,3;48,2;46,3;51,3;24,3;35,1;25,1;27,3;39,2;4,2;30,3;52,1;45,1;41,3;50,3;61,1;13,3;15,3;59,1;33,3;
FITNESS = 63: ROW_MISMATCHES = 25: COL_MISMATCHES = 24|8,1;37,2;2,1;0,1;53,1;63,3;14,1;7,0;32,3;17,2;49,3;43,3;20,1;28,3;21,0;47,2;36,0;58,3;40,3;3,0;57,2;16,2;54,2;22,2;5,2;38,2;6,1;62,2;26,3;60,3;44,3;56,3;18,1;42,1;34,2;9,3;11,2;1,1;55,3;19,1;12,2;23,3;29,2;31,2;10,3;48,2;46,3;51,3;24,3;35,1;25,1;27,3;39,2;4,2;30,3;52,1;45,1;41,3;50,3;61,1;13,3;15,3;59,1;33,3;
FITNESS = 63: ROW_MISMATCHES = 25: COL_MISMATCHES = 24|8,1;37,2;2,1;0,1;53,1;63,3;14,1;7,0;32,3;17,2;49,3;43,3;20,1;28,3;21,0;47,2;36,0;58,3;40,3;3,0;57,2;16,2;54,2;22,2;5,2;38,2;6,1;62,2;26,3;60,3;44,3;56,3;18,1;42,1;34,2;9,3;11,2;1,1;55,3;19,1;12,2;23,3;29,2;31,2;10,3;48,2;46,3;51,3;24,3;35,1;25,1;27,3;39,2;4,2;30,3;52,1;45,1;41,3;50,3;61,1;13,3;15,3;59,1;33,3;
FITNESS = 63: ROW_MISMATCHES = 26: COL_MISMATCHES = 23|8,1;37,2;2,1;0,1;53,1;63,3;14,1;7,0;32,3;17,2;49,3;43,3;20,1;28,3;21,0;47,2;36,0;58,3;40,3;3,0;57,2;16,2;54,2;22,2;5,2;38,2;6,1;62,2;26,3;60,3;44,3;56,3;18,1;42,1;34,2;9,3;11,2;1,1;55,3;19,1;12,2;23,3;29,2;31,2;10,3;48,2;46,3;51,3;24,3;35,1;25,1;27,3;39,2;4,2;30,3;52,1;45,3;41,3;50,3;61,1;13,3;15,3;59,1;33,3;
FITNESS = 63: ROW_MISMATCHES = 25: COL_MISMATCHES = 24|8,1;37,2;2,1;0,1;53,1;63,3;14,1;7,0;32,3;17,2;49,3;43,3;20,1;28,3;21,0;47,2;36,0;58,3;40,3;3,0;57,2;16,2;54,2;22,2;5,2;38,2;6,1;62,2;26,3;60,3;44,3;56,3;18,1;42,1;34,2;9,3;11,2;1,1;55,3;19,1;12,2;23,3;29,2;31,2;10,3;48,2;46,3;51,3;24,3;35,1;25,1;27,3;39,2;4,2;30,3;52,1;45,1;41,3;50,3;61,1;13,3;15,3;59,1;33,3;
FITNESS = 63: ROW_MISMATCHES = 25: COL_MISMATCHES = 24|8,1;37,2;2,1;0,1;53,1;63,3;14,1;7,0;32,3;17,2;49,3;43,3;20,1;28,3;21,0;47,2;36,0;58,3;40,3;3,0;57,2;16,2;54,2;22,2;5,2;38,2;6,1;62,2;26,3;60,3;44,3;56,3;18,1;42,1;34,2;9,3;11,2;1,1;55,3;19,1;12,2;23,3;29,2;31,2;10,3;48,2;46,3;51,3;24,3;35,1;25,1;27,3;39,2;4,2;30,3;52,1;45,1;41,3;50,3;61,1;13,3;15,3;59,1;33,3;
FITNESS = 63: ROW_MISMATCHES = 25: COL_MISMATCHES = 24|8,1;37,2;2,1;0,1;53,1;63,3;14,1;7,0;32,3;17,2;49,3;43,3;20,1;28,3;21,0;47,2;36,0;58,3;40,3;3,0;57,2;16,2;54,2;22,2;5,2;38,2;6,1;62,2;26,3;60,3;44,3;56,3;18,1;42,1;34,2;9,3;11,2;1,1;55,3;19,1;12,2;23,3;29,2;31,2;10,3;48,2;46,3;51,3;24,3;35,1;25,1;27,3;39,2;4,2;30,3;52,1;45,1;41,3;50,3;61,1;13,3;15,3;59,1;33,3;
FITNESS = 63: ROW_MISMATCHES = 25: COL_MISMATCHES = 24|8,1;37,2;2,1;0,1;53,1;63,3;14,1;7,0;32,3;17,2;49,3;43,3;20,1;28,3;21,0;47,2;36,0;58,3;40,3;3,0;57,2;16,2;54,2;22,2;5,2;38,2;6,1;62,2;26,3;60,3;44,3;56,3;18,1;42,1;34,2;9,3;11,2;1,1;55,3;19,1;12,2;23,3;29,2;31,2;10,3;48,2;46,3;51,3;24,3;35,1;25,1;27,3;39,2;4,2;30,3;52,1;45,1;41,3;50,3;61,1;13,3;15,3;59,1;33,3;
FITNESS = 63: ROW_MISMATCHES = 26: COL_MISMATCHES = 23|8,2;37,2;2,1;0,1;53,1;63,3;14,1;7,0;32,3;17,2;49,3;43,3;20,1;28,3;21,0;47,2;36,0;58,3;40,3;3,0;57,1;16,2;54,2;22,2;5,2;38,2;6,1;62,2;26,3;60,3;44,3;56,3;18,1;42,1;34,2;9,3;11,2;1,1;55,3;19,1;12,2;23,3;29,2;31,2;10,3;48,2;46,3;51,3;24,3;35,1;25,1;27,3;39,2;4,2;30,3;52,1;45,1;41,3;50,3;61,1;13,3;15,3;59,1;33,3;
FITNESS = 63: ROW_MISMATCHES = 25: COL_MISMATCHES = 24|8,1;37,2;2,1;0,1;53,1;63,3;14,1;7,0;32,3;17,2;49,3;43,3;20,1;28,3;21,0;47,2;36,0;58,3;40,3;3,0;57,2;16,2;54,2;22,2;5,2;38,2;6,1;62,2;26,3;60,3;44,3;56,3;18,1;42,1;34,2;9,3;11,2;1,1;55,3;19,1;12,2;23,3;29,2;31,2;10,3;48,2;46,3;51,3;24,3;35,1;25,1;27,3;39,2;4,2;30,3;52,1;45,1;41,3;50,3;61,1;13,3;15,3;59,1;33,3;
FITNESS = 63: ROW_MISMATCHES = 26: COL_MISMATCHES = 23|8,2;37,2;2,1;0,1;53,1;63,3;14,1;7,0;32,3;17,2;49,3;43,3;20,1;28,3;21,0;47,2;36,0;58,3;40,3;3,0;57,1;16,2;54,2;22,2;5,2;38,2;6,1;62,2;26,3;60,3;44,3;56,3;18,1;42,1;34,2;9,3;11,2;1,1;55,3;19,1;12,2;23,3;29,2;31,2;10,3;48,2;46,3;51,3;24,3;35,1;25,1;27,3;39,2;4,2;30,3;52,1;45,1;41,3;50,3;61,1;13,3;15,3;59,1;33,3;
FITNESS = 63: ROW_MISMATCHES = 26: COL_MISMATCHES = 23|8,2;37,2;2,1;0,1;53,1;63,3;14,1;7,0;32,3;17,2;49,3;43,3;20,1;28,3;21,0;47,2;36,0;58,3;40,3;3,0;57,1;16,2;54,2;22,2;5,2;38,2;6,1;62,2;26,3;60,3;44,3;56,3;18,1;42,3;34,2;9,3;11,2;1,1;55,3;19,1;12,2;23,3;29,2;31,2;10,3;48,2;46,3;51,3;24,3;35,1;25,1;27,3;39,2;4,2;30,3;52,1;45,1;41,3;50,3;61,1;13,3;15,3;59,1;33,3;
FITNESS = 63: ROW_MISMATCHES = 25: COL_MISMATCHES = 24|8,1;37,2;2,1;0,1;53,1;63,3;14,1;7,0;32,3;17,2;49,3;43,3;20,1;28,3;21,0;47,2;36,0;58,3;40,3;3,0;57,2;16,2;54,2;22,2;5,2;38,2;6,1;62,2;26,3;60,3;44,3;56,3;18,1;42,1;34,2;9,3;11,2;1,1;55,3;19,1;12,2;23,3;29,2;31,2;10,3;48,2;46,3;51,3;24,3;35,1;25,1;27,3;39,2;4,2;30,3;52,1;45,1;41,3;50,3;61,1;13,3;15,3;59,1;33,3;
FITNESS = 63: ROW_MISMATCHES = 25: COL_MISMATCHES = 24|8,1;37,2;2,1;0,1;53,1;63,3;14,1;7,0;32,3;17,2;49,3;43,3;20,1;28,3;21,0;47,2;36,0;58,3;40,3;3,0;57,2;16,2;54,2;22,2;5,2;38,2;6,1;62,2;26,3;60,3;44,3;56,3;18,1;42,1;34,2;9,3;11,2;1,1;55,3;19,1;12,2;23,3;29,2;31,2;10,3;48,2;46,3;51,3;24,3;35,1;25,1;27,3;39,2;4,2;30,3;52,1;45,1;41,3;50,3;61,1;13,3;15,3;59,1;33,3;
FITNESS = 63: ROW_MISMATCHES = 25: COL_MISMATCHES = 24|8,1;37,2;2,1;0,1;53,1;63,3;14,1;7,0;32,3;17,2;49,3;43,3;20,1;28,3;21,0;47,2;36,0;58,3;40,3;3,0;57,2;16,2;54,2;22,2;5,2;38,2;6,1;62,2;26,3;60,3;44,3;56,3;18,1;42,1;34,2;9,3;11,2;1,1;55,3;19,1;12,2;23,3;29,2;31,2;10,3;48,2;46,3;51,3;24,3;35,1;25,1;27,3;39,2;4,2;30,3;52,1;45,1;41,3;50,3;61,1;13,3;15,3;59,1;33,3;
FITNESS = 63: ROW_MISMATCHES = 26: COL_MISMATCHES = 23|8,2;37,2;2,1;0,1;53,1;63,3;14,1;7,0;32,3;17,2;49,3;43,3;20,1;28,3;21,0;47,2;36,0;58,3;40,3;3,0;57,1;16,2;54,2;22,2;5,2;38,2;6,1;62,2;26,3;60,3;44,3;56,3;18,1;42,1;34,2;9,3;11,2;1,1;55,3;19,1;12,2;23,3;29,2;31,2;10,3;48,2;46,3;51,3;24,3;35,1;25,1;27,3;39,2;4,2;30,3;52,1;45,1;41,3;50,3;61,1;13,3;15,3;59,1;33,3;
FITNESS = 63: ROW_MISMATCHES = 25: COL_MISMATCHES = 24|8,1;37,2;2,1;0,1;53,1;63,3;14,1;7,0;32,3;17,2;49,3;43,3;20,1;28,3;21,0;47,2;36,0;58,3;40,3;3,0;57,2;16,2;54,2;22,2;5,2;38,2;6,1;62,2;26,3;60,3;44,3;56,3;18,1;42,1;34,2;9,3;11,2;1,1;55,3;19,1;12,2;23,3;29,2;31,2;10,3;48,2;46,3;51,3;24,3;35,1;25,1;27,3;39,2;4,2;30,3;52,1;45,1;41,3;50,3;61,1;13,3;15,3;59,1;33,3;
FITNESS = 63: ROW_MISMATCHES = 25: COL_MISMATCHES = 24|8,1;37,2;2,1;0,1;53,1;63,3;14,1;7,0;32,3;17,2;49,3;43,3;20,1;28,3;21,0;47,2;36,0;58,3;40,3;3,0;57,2;16,2;54,2;22,2;5,2;38,2;6,1;62,2;26,3;60,3;44,3;56,3;18,1;42,1;34,2;9,3;11,2;1,1;55,3;19,1;12,2;23,3;29,2;31,2;10,3;48,2;46,3;51,3;24,3;35,1;25,1;27,3;39,2;4,2;30,3;52,1;45,1;41,3;50,3;61,1;13,3;15,3;59,1;33,3;
FITNESS = 63: ROW_MISMATCHES = 25: COL_MISMATCHES = 24|8,1;37,2;2,1;0,1;53,1;63,3;14,1;7,0;32,3;17,2;49,3;43,3;20,1;28,3;21,0;47,2;36,0;58,3;40,3;3,0;57,2;16,2;54,2;22,2;5,2;38,2;6,1;62,2;26,3;60,3;44,3;56,3;18,1;42,1;34,2;9,3;11,2;1,1;55,3;19,1;12,2;23,3;29,2;31,2;10,3;48,2;46,3;51,3;24,3;35,1;25,1;27,3;39,2;4,2;30,3;52,1;45,1;41,3;50,3;61,1;13,3;15,3;59,1;33,3;
FITNESS = 63: ROW_MISMATCHES = 26: COL_MISMATCHES = 23|8,2;37,2;2,1;0,1;53,1;63,3;14,1;7,0;32,3;17,2;49,3;43,3;20,1;28,3;21,0;47,2;36,0;58,3;40,3;3,0;57,1;16,2;54,2;22,2;5,2;38,2;6,1;62,2;26,3;60,3;44,3;56,3;18,1;42,3;34,2;9,3;11,2;1,1;55,3;19,1;12,2;23,3;29,2;31,2;10,3;48,2;46,3;51,3;24,3;35,1;25,1;27,3;39,2;4,2;30,3;52,1;45,1;41,3;50,3;61,1;13,3;15,3;59,1;33,3;
FITNESS = 63: ROW_MISMATCHES = 25: COL_MISMATCHES = 24|8,1;37,2;2,1;0,1;53,1;63,3;14,1;7,0;32,3;17,2;49,3;43,3;20,1;28,3;21,0;47,2;36,0;58,3;40,3;3,0;57,2;16,2;54,2;22,2;5,2;38,2;6,1;62,2;26,3;60,3;44,3;56,3;18,1;42,1;34,2;9,3;11,2;1,1;55,3;19,1;12,2;23,3;29,2;31,2;10,3;48,2;46,3;51,3;24,3;35,1;25,1;27,3;39,2;4,2;30,3;52,1;45,1;41,3;50,3;61,1;13,3;15,3;59,1;33,3;
FITNESS = 63: ROW_MISMATCHES = 26: COL_MISMATCHES = 23|8,2;37,2;2,1;0,1;53,1;63,3;14,1;7,0;32,3;17,2;49,3;43,3;20,1;28,3;21,0;47,2;36,0;58,3;40,3;3,0;57,1;16,2;54,2;22,2;5,2;38,2;6,1;62,2;26,3;60,3;44,3;56,3;18,1;42,1;34,2;9,3;11,2;1,1;55,3;19,1;12,2;23,3;29,2;31,2;10,3;48,2;46,3;51,3;24,3;35,1;25,1;27,3;39,2;4,2;30,3;52,1;45,1;41,3;50,3;61,1;13,3;15,3;59,1;33,3;
FITNESS = 63: ROW_MISMATCHES = 25: COL_MISMATCHES = 24|8,1;37,2;2,1;0,1;53,1;63,3;14,1;7,0;32,3;17,2;49,3;43,3;20,1;28,3;21,0;47,2;36,0;58,3;40,3;3,0;57,2;16,2;54,2;22,2;5,2;38,2;6,1;62,2;26,3;60,3;44,3;56,3;18,1;42,1;34,2;9,3;11,2;1,1;55,3;19,1;12,2;23,3;29,2;31,2;10,3;48,2;46,3;51,3;24,3;35,1;25,1;27,3;39,2;4,2;30,3;52,1;45,1;41,3;50,3;61,1;13,3;15,3;59,1;33,3;
FITNESS = 63: ROW_MISMATCHES = 25: COL_MISMATCHES = 24|8,1;37,2;2,1;0,1;53,1;63,3;14,1;7,0;32,3;17,2;49,3;43,3;20,1;28,3;21,0;47,2;36,0;58,3;40,3;3,0;57,2;16,2;54,2;22,2;5,2;38,2;6,1;62,2;26,3;60,3;44,3;56,3;18,1;42,1;34,2;9,3;11,2;1,1;55,3;19,1;12,2;23,3;29,2;31,2;10,3;48,2;46,3;51,3;24,3;35,1;25,1;27,3;39,2;4,2;30,3;52,1;45,1;41,3;50,3;61,1;13,3;15,3;59,1;33,3;
FITNESS = 62: ROW_MISMATCHES = 25: COL_MISMATCHES = 25|8,1;37,2;2,1;0,1;53,1;63,3;14,1;7,0;32,3;17,2;49,3;43,3;20,1;28,3;21,0;47,2;36,0;58,3;40,3;3,0;57,2;16,2;54,2;22,2;5,2;38,2;6,1;62,2;26,3;60,2;44,3;56,3;18,1;42,1;34,2;9,3;11,2;1,1;55,3;19,1;12,2;23,3;29,2;31,2;10,3;48,2;46,3;51,3;24,3;35,1;25,1;27,3;39,2;4,2;30,3;52,1;45,1;41,3;50,3;61,1;13,3;15,3;59,1;33,3;
FITNESS = 62: ROW_MISMATCHES = 26: COL_MISMATCHES = 24|8,1;37,2;2,1;0,1;53,1;63,3;14,1;7,0;32,3;17,2;49,3;43,3;20,1;28,3;21,0;47,2;36,0;58,3;40,3;3,0;57,3;16,2;54,2;22,2;5,2;38,2;6,1;62,2;26,3;60,3;44,3;56,3;18,1;42,1;34,2;9,3;11,2;1,1;55,3;19,1;12,2;23,3;29,2;31,2;10,3;48,2;46,3;51,3;24,3;35,1;25,1;27,3;39,2;4,2;30,3;52,1;45,1;41,3;50,3;61,1;13,3;15,3;59,1;33,3;
FITNESS = 62: ROW_MISMATCHES = 26: COL_MISMATCHES = 24|8,1;37,2;2,1;0,1;53,1;63,3;14,1;7,0;32,3;17,2;49,3;43,3;20,1;28,3;21,0;47,2;36,0;58,3;40,3;3,0;57,2;16,2;54,2;22,2;5,2;38,2;6,1;62,2;26,3;60,3;44,3;56,3;18,1;42,1;34,2;9,3;11,2;1,1;55,3;19,1;12,2;23,3;29,2;31,2;10,3;48,2;46,3;51,3;24,3;35,1;25,1;27,3;39,2;4,2;30,3;52,1;45,1;41,3;50,3;61,1;13,1;15,3;59,1;33,3;
FITNESS = 62: ROW_MISMATCHES = 26: COL_MISMATCHES = 24|8,1;37,2;2,1;0,1;53,1;63,3;20,1;7,0;32,3;17,2;49,3;43,3;14,1;28,3;21,0;47,2;36,0;58,3;40,3;3,0;57,2;16,2;54,2;22,2;5,2;38,2;6,1;62,2;26,3;60,3;44,3;56,3;18,1;42,1;34,2;9,3;11,2;1,1;55,3;19,1;12,2;23,3;29,2;31,2;10,3;48,2;46,3;51,3;24,3;35,1;25,1;27,3;39,2;4,2;30,3;52,1;45,1;41,3;50,3;61,1;13,3;15,3;59,1;33,3;
FITNESS = 62: ROW_MISMATCHES = 26: COL_MISMATCHES = 24|8,1;37,2;2,1;0,1;53,1;63,3;20,1;7,0;32,3;17,2;49,3;43,3;14,1;28,3;21,0;47,2;36,0;58,3;40,3;3,0;57,2;16,2;54,2;22,2;5,2;38,2;6,1;62,2;26,3;60,3;44,3;56,3;18,1;42,1;34,2;9,3;11,2;1,1;55,3;19,1;12,2;23,3;29,2;31,2;10,3;48,2;46,3;51,3;24,3;35,1;25,1;27,3;39,2;4,2;30,3;52,1;45,1;41,3;50,3;61,1;13,3;15,3;59,1;33,3;
FITNESS = 62: ROW_MISMATCHES = 26: COL_MISMATCHES = 24|8,1;37,2;2,1;0,1;53,1;63,3;20,1;7,0;32,3;17,2;49,3;43,3;14,1;28,3;21,0;47,2;36,0;58,3;40,3;3,0;57,2;16,2;54,2;22,2;5,2;38,2;6,1;62,2;26,3;60,3;44,3;56,3;18,1;42,1;34,2;9,3;11,2;1,1;55,3;19,1;12,2;23,3;29,2;31,2;10,3;48,2;46,3;51,3;24,3;35,1;25,1;27,3;39,2;4,2;30,3;52,1;45,1;41,3;50,3;61,1;13,3;15,3;59,1;33,3;
FITNESS = 62: ROW_MISMATCHES = 26: COL_MISMATCHES = 24|8,1;37,2;2,1;0,1;53,1;63,3;20,1;7,0;32,3;17,2;49,3;43,3;14,1;28,3;21,0;47,2;36,0;58,3;40,3;3,0;57,2;16,2;54,2;22,2;5,2;38,2;6,1;62,2;26,3;60,3;44,3;56,3;18,1;42,1;34,2;9,3;11,2;1,1;55,3;19,1;12,2;23,3;29,2;31,2;10,3;48,2;46,3;51,3;24,3;35,1;25,1;27,3;39,2;4,2;30,3;52,1;45,1;41,3;50,3;61,1;13,3;15,3;59,1;33,3;
FITNESS = 62: ROW_MISMATCHES = 26: COL_MISMATCHES = 24|8,1;37,2;2,1;0,1;53,1;63,3;14,1;7,0;32,3;17,2;49,3;43,3;20,1;28,3;21,0;47,2;36,0;58,3;40,3;3,0;57,2;16,2;54,2;22,2;5,2;38,2;6,1;62,2;26,3;60,3;44,3;56,3;18,1;42,1;34,2;9,3;11,2;1,1;55,3;19,1;12,2;23,3;29,2;31,1;10,3;48,2;46,3;51,3;24,3;35,1;25,1;27,3;39,2;4,2;30,3;52,1;45,1;41,3;50,3;61,1;13,3;15,3;59,1;33,3;
FITNESS = 62: ROW_MISMATCHES = 26: COL_MISMATCHES = 24|8,1;37,2;2,1;0,1;53,1;63,3;20,1;7,0;32,3;17,2;49,3;43,3;14,1;28,3;21,0;47,2;36,0;58,3;40,3;3,0;57,2;16,2;54,2;22,2;5,2;38,2;6,1;62,2;26,3;60,3;44,3;56,3;18,1;42,1;34,2;9,3;11,2;1,1;55,3;19,1;12,2;23,3;29,2;31,2;10,3;48,2;46,3;51,3;24,3;35,1;25,1;27,3;39,2;4,2;30,3;52,1;45,1;41,3;50,3;61,1;13,3;15,3;59,1;33,3;
FITNESS = 62: ROW_MISMATCHES = 26: COL_MISMATCHES = 24|8,1;37,2;2,1;0,1;53,1;63,3;20,1;7,0;32,3;17,2;49,3;43,3;14,1;28,3;21,0;47,2;36,0;58,3;40,3;3,0;57,2;16,2;54,2;22,2;5,2;38,2;6,1;62,2;26,3;60,3;44,3;56,3;18,1;42,1;34,2;9,3;11,2;1,1;55,3;19,1;12,2;23,3;29,2;31,2;10,3;48,2;46,3;51,3;24,3;35,1;25,1;27,3;39,2;4,2;30,3;52,1;45,1;41,3;50,3;61,1;13,3;15,3;59,1;33,3;
FITNESS = 61: ROW_MISMATCHES = 28: COL_MISMATCHES = 23|8,2;37,2;2,1;0,1;53,1;63,3;14,1;7,2;32,3;17,2;49,3;43,3;20,1;28,3;21,0;47,2;36,0;58,3;40,3;3,0;57,1;16,2;54,2;22,2;5,2;38,2;6,1;62,2;26,3;60,3;44,3;56,3;18,1;42,3;34,2;9,3;11,2;1,1;55,3;19,1;12,2;23,3;29,2;31,2;10,3;48,2;46,3;51,3;24,3;35,1;25,1;27,3;39,2;4,2;30,3;52,1;45,1;41,3;50,3;61,1;13,3;15,3;59,1;33,3;
FITNESS = 61: ROW_MISMATCHES = 25: COL_MISMATCHES = 26|8,1;37,2;2,1;0,1;53,1;63,3;14,1;7,0;32,3;17,2;49,3;43,3;20,1;28,3;21,0;47,2;36,0;58,3;40,3;3,0;57,2;16,2;54,2;22,2;5,2;38,2;6,1;62,2;26,3;60,3;44,3;56,3;18,1;42,1;34,2;9,3;11,2;1,1;55,3;19,1;12,2;23,3;29,2;31,2;10,3;48,3;46,3;51,3;24,3;35,1;25,1;27,3;39,2;4,2;30,3;52,1;45,1;41,3;50,3;61,1;13,3;15,3;59,1;33,3;
FITNESS = 61: ROW_MISMATCHES = 25: COL_MISMATCHES = 26|8,1;37,2;2,1;0,1;53,1;63,3;20,1;7,0;32,3;17,2;49,3;43,3;14,1;28,3;21,0;47,2;36,0;58,3;40,3;3,0;57,2;16,2;54,2;22,2;5,2;38,2;6,1;62,2;26,3;60,3;44,3;56,3;18,1;42,1;34,2;9,3;11,2;1,1;55,3;19,1;12,2;23,3;29,2;31,2;10,3;48,2;46,3;51,3;24,3;35,1;25,1;27,3;39,2;4,1;30,3;52,1;45,1;41,3;50,3;61,1;13,3;15,3;59,1;33,3;
FITNESS = 61: ROW_MISMATCHES = 26: COL_MISMATCHES = 25|8,1;37,2;2,1;0,1;53,1;63,3;14,1;7,0;32,3;17,2;49,3;43,3;20,1;28,3;21,3;47,2;36,0;58,3;40,3;3,0;57,2;16,2;54,2;22,2;5,2;38,2;6,1;62,2;26,3;60,3;44,3;56,3;18,1;42,1;34,2;9,3;11,2;1,1;55,3;19,1;12,2;23,3;29,2;31,2;10,3;48,2;46,3;51,3;24,3;35,1;25,1;27,3;39,2;4,2;30,3;52,1;45,1;41,3;50,3;61,1;13,3;15,3;59,1;33,3;
